01000001,100000
01000010,110000
01000011,100100
01000100,100110
01000101,100010
01000110,110100
01000111,110110
01001000,110010
01001001,010100
01001010,010110
01001011,101000
01001100,111000
01001101,101100
01001110,101110
01001111,101010
01010000,111100
01010001,111110
01010010,111010
01010011,011100
01010100,011110
01010101,101001
01010110,111001
01010111,010111
01011000,101101
01011001,101111
01011010,101011
01100001,100000
01100010,110000
01100011,100100
01100100,100110
01100101,100010
01100110,110100
01100111,110110
01101000,110010
01101001,010100
01101010,010110
01101011,101000
01101100,111000
01101101,101100
01101110,101110
01101111,101010
01110000,111100
01110001,111110
01110010,111010
01110011,011100
01110100,011110
01110101,101001
01110110,111001
01110111,010111
01111000,101101
01111001,101111
01111010,101011
00100000,000000