000000,2800
100000,2801
010000,2802
110000,2803
001000,2804
101000,2805
011000,2806
111000,2807
000100,2808
100100,2809
010100,280A
110100,280B
001100,280C
101100,280D
011100,280E
111100,280F
000010,2810
100010,2811
010010,2812
110010,2813
001010,2814
101010,2815
011010,2816
111010,2817
000110,2818
100110,2819
010110,281A
110110,281B
001110,281C
101110,281D
011110,281E
111110,281F
000001,2820
100001,2821
010001,2822
110001,2823
001001,2824
101001,2825
011001,2826
111001,2827
000101,2828
100101,2829
010101,282A
110101,282B
001101,282C
101101,282D
011101,282E
111101,282F
000011,2830
100011,2831
010011,2832
110011,2833
001011,2834
101011,2835
011011,2836
111011,2837
000111,2838
100111,2839
010111,283A
110111,283B
001111,283C
101111,283D
011111,283E
111111,283F